164 328
0 3
0 10
0 137
1 6
1 11
1 12
1 13
1 17
1 21
1 63
1 161
2 4
2 6
2 11
3 4
3 18
4 5
4 8
4 13
5 7
5 9
6 7
6 11
6 13
7 9
7 12
8 9
8 39
9 10
9 12
10 11
10 44
10 92
11 12
12 13
12 15
13 15
13 39
14 15
14 22
15 16
15 25
16 17
16 18
17 18
18 19
18 20
19 20
19 21
20 21
20 44
21 22
21 26
22 23
22 25
23 25
23 45
23 46
23 161
24 25
24 34
24 35
24 37
24 39
24 142
25 26
25 27
26 27
26 46
27 28
27 29
27 39
28 29
28 39
28 43
28 44
28 49
28 52
28 123
29 30
30 32
30 76
30 85
31 32
31 36
31 46
32 33
32 34
32 65
33 34
33 35
33 36
34 35
34 39
35 36
35 40
36 37
37 38
37 40
38 40
38 41
38 63
38 64
38 137
39 44
40 41
40 42
41 42
41 43
41 100
41 114
42 43
43 44
45 46
45 49
47 48
47 49
48 49
48 68
49 50
50 51
50 53
50 61
51 52
51 63
52 53
52 65
53 54
54 55
55 56
55 71
56 57
57 58
57 59
57 63
57 137
58 59
58 66
59 60
59 63
60 61
60 74
61 63
61 99
62 63
64 65
65 66
66 68
66 73
66 75
66 78
66 82
66 83
66 84
66 90
67 68
67 74
68 69
68 70
68 133
69 70
70 71
70 90
70 154
71 72
72 73
72 126
73 74
73 90
74 75
74 106
75 76
75 122
76 77
76 121
77 78
78 79
78 112
79 80
80 82
80 83
80 113
81 83
81 100
82 83
82 95
83 86
84 85
84 94
85 87
86 88
86 91
87 88
87 102
88 91
88 92
88 98
89 90
89 93
90 91
91 92
91 98
91 162
92 93
92 94
92 101
92 108
92 137
93 94
93 96
93 108
93 121
93 134
94 96
94 154
95 96
96 97
96 153
97 98
97 103
97 117
98 99
98 152
99 101
99 163
100 110
101 103
101 111
101 127
101 131
102 107
102 112
102 137
103 104
103 119
104 106
104 110
104 117
105 106
105 108
106 107
107 108
107 122
107 142
108 109
108 111
109 110
109 160
110 111
110 116
111 112
111 136
111 146
112 114
112 115
112 126
113 149
114 115
114 158
115 116
115 117
116 117
116 120
116 133
117 118
118 120
119 120
119 123
119 131
119 156
120 122
120 134
120 162
121 122
121 150
122 123
123 131
124 127
124 130
125 129
125 131
126 127
127 133
127 134
127 135
127 139
128 145
129 139
130 135
130 142
131 138
132 143
133 134
133 137
134 141
134 151
135 136
136 137
138 139
139 140
139 146
140 141
140 155
141 142
141 143
143 144
144 146
144 152
145 150
146 147
147 148
148 151
149 159
150 151
151 155
152 153
153 155
153 156
154 159
155 157
155 158
155 159
155 160
156 157
157 158
157 160
158 160
159 160
